76,543 - 43,210 = ____;22,222;33,333‬;32,333‬;33,323‬;33,333‬;
|417,755 - 312,438 = ____;104,227;104,217;104,317;105,317;105,317;
|3,164 - 213 ___ 3,164 - 219;<;>;=;>;
|5,124 - 440 ___ 5,460 - 440;<;>;=;<;
|3,125 - 362 ___ 3,325 - 562;<;>;=;=;
|____  -  3,316  =  1,000;4,327;4,416;3,316;4,316;4,316;
|____  - 2,156 = 3,620;5,886;6,886;5,776;6,776;5,776;
|11,826  - 1,514  = ____;10,312;11,312;10,412;11,412;10,312;
|142,656 - 1,345 = ____;140,311;141,311;140,411;141,411;141,311;
|134,032 - 35,921 = ____;98,111;99,111;98,112;99,112;98,111;
|30,000  - 2,743 = ;26,257;27,257;28,257;27,357;27,257;
|10,000  - 1,523 = ;8,477;8,377;9,477;9,377;8,477;
